80320
75175
39528
48171
69111
31472
69186
68898
401
16622
60192
18588
76784
22377
89541
83406
68548
79682
41302
82442
58209
12561
2843
46250
33548
31242
2641
63824
40965
79757
38
84490
82254
77395
11498
44023
42035
36105
8713
74640
14949
80323
98496
85304
17614
16697
51296
79393
64141
10044
23744
62151
99850
92243
97777
43104
68069
4622
67988
95307
37722
45070
4425
75318
16536
20893
52765
29441
5358
95675
14403
29315
18873
32214
30250
33853
27613
78280
60348
8179
70934
65643
65971
27940
10825
2064
20612
77225
31562
67476
41782
57133
35931
2520
65052
65462
43896
61223
5015
9690
10002
2893
67306
85267
77340
33026
24118
8538
34256
7301
68590
19195
61471
15644
10991
20452
22297
80975
87830
23205
37514
67440
38428
34626
37848
84680
14363
23210
95660
35586
44902
86321
36463
72633
89750
96598
98882
79373
30171
37448
45101
36715
85040
79168
13817
21949
52843
32932
93240
67827
94655
24443
86351
39778
29256
10367
96516
70579
4035
36830
36337
88028
12072
50126
71633
97319
10117
94604
81130
87914
30222
70734
22403
36686
59583
9049
82921
52811
97996
68052
70226
27562
56935
68096
66193
35114
6178
16624
65844
94470
14357
53324
75594
31680
66690
58889
36441
29796
87649
81076
41864
81188
20096
93926
40989
45172
55901
87601
54127
18881
92881
90081
81034
25188
66465
61919
38790
88612
65587
64032
86888
97889
88725
72665
84917
40862
17211
62912
23552
20201
32477
39437
59945
56946
21693
10960
44914
76636
48217
10831
58080
88269
36166
91355
86565
87760
40782
59958
53236
16479
12351
72792
90553
74093
58721
99843
76032
35708
45793
67464
26247
21800
23258
99848
7969
45801
90435
87887
96335
3282
56148
55080
33337
60541
6599
63325
14290
73473
85253
61391
87742
74620
54908
29433
67928
12332
60066
34546
13584
42022
89299
677
86306
39553
56491
28737
4145
64416
91207
1493
92749
11499
74200
50438
42141
17494
36571
3249
41833
73942
47722
6473
90291
78913
38242
1030
42433
56904
86643
51473
17817
33909
12549
8603
43557
35756
59536
27178
10775
4924
85668
70879
53679
42529
22103
33977
53974
4204
74294
74735
25801
18957
24438
57654
57524
18233
80648
48679
40659
30354
9352
15752
20657
46502
45110
28416
98872
65079
64602
89338
38691
46156
11139
73432
68446
29689
30690
90703
16754
10528
13072
35425
93437
42473
63238
2598
22240
8000
29014
80590
1273
35667
91568
66410
28909
35297
49392
45164
91763
82664
23916
67324
4541
60902
76944
8647
36100
62281
57569
62702
80090
6888
46488
93866
19918
7592
82183
9235
80993
64357
94763
49626
72760
77586
58513
68488
96695
28899
15483
22352
4890
19215
10600
74497
28016
72187
22870
76079
69986
98330
33501
78409
23589
66764
69236
84315
28611
66632
91843
70830
61109
358
1002
64230
69066
43249
49307
66681
6252
7677
88392
60879
61550
48474
47832
77434
3937
5487
60670
67096
74932
38058
49915
518
18563
9020
57920
36108
14493
71738
41966
77728
73713
7461
33909
61375
64185
75929
60778
52843
21985
24014
66070
24326
30298
42924
66860
86036
89064
77768
45935
34597
87562
89102
40493
36625
41384
7541
2162
76564
57548
6273
94921
21925
49302
54817
58422
96658
28329
89529
14295
2661
15513
36109
87642
84968
39581
20942
36878
58230
90159
52491
29713
46638
28342
10882
25131
24181
63237
92559
55323
28500
64969
10678
61695
9795
81477
7331
67544
6110
67516
43246
1107
93527
91613
60748
3573
79208
64231
18846
44560
73952
48873
45421
59274
7341
62352
78623
80668
67924
53383
41001
53103
47501
22666
25839
59699
60924
19399
75508
55476
50847
71775
10991
20948
72456
18519
76237
60863
23339
33406
32841
80058
35683
61642
4606
14380
15994
15583
8976
74304
95985
69732
82402
39381
79698
26095
46030
33413
38273
27090
10802
56061
93270
56859
98196
70577
45900
93143
95461
35085
58545
12271
76211
10334
31905
1152
8332
29071
98548
29281
1269
37957
58731
60191
51067
28052
9397
33821
71072
6226
47299
96612
44090
4132
53058
93055
47583
64747
34134
83271
95748
43773
14668
41551
85705
21692
19479
6720
23233
90377
47504
82743
56396
23724
55406
15625
69094
82090
76488
59415
13076
76175
99899
81290
38149
23005
50543
54296
52814
55622
66578
36346
88196
44705
69405
31291
91603
15419
47292
29215
40614
78655
58893
49656
37257
54104
84711
97750
50869
25713
76167
45277
31244
62013
21669
24507
89323
81249
95060
95152
14961
22411
76657
52014
92065
35342
68871
17984
11990
77054
42149
60412
16682
94711
54206
38280
28164
55746
99740
9492
97560
78487
78344
90559
50081
7849
14386
6953
5034
46267
36365
69433
59830
33080
41693
84191
97520
90868
20599
84330
97865
63357
22411
26626
39279
56166
12270
21675
28014
2489
15913
9901
2350
69725
81814
95877
11120
24412
95288
79228
26075
31662
94951
93365
78386
15060
90516
45793
77778
72201
96231
49917
86877
82038
93378
30241
93567
13114
43230
65311
38893
86177
91263
91134
72369
18909
64572
44009
96393
43406
71033
2748
56606
32289
18860
87057
22926
81197
81115
15501
58955
52379
25756
83040
84557
49188
81469
12516
78281
22755
13647
4638
19034
94252
25019
55993
82175
17829
95417
93893
93009
82019
84135
69127
39003
52823
9741
32188
63316
86863
10470
16422
1126
29999
89928
19800
18791
97430
54863
13602
28708
97269
90941
10049
73067
85840
6483
50221
28934
50389
24168
99477
85331
99503
29080
2773
449
54440
82906
37265
84004
87842
68197
84377
32102
21310
89093
59986
45876
5581
79828
40660
2007
73874
24247
63614
85349
54597
52264
83865
91667
6742
96703
37254
47328
38007
14113
46191
52026
11836
29723
28665
25525
79540
95333
67917
77753
15500
90093
45484
90131
431
43745
42182
1565
38153
82128
7691
19688
17446
61301
59959
8772
57519
99023
34365
14803
35759
58749
30725
5992
91100
39260
58440
63129
33269
19166
68093
53429
2393
52367
3608
67401
66402
25871
62381
59515
8712
94504
47424
42057
54007
24312
85180
61134
42795
70056
4803
38171
69964
55251
45113
71140
96416
35777
43508
55115
3551
55673
22584
71453
19271
69892
9294
21091
58061
84420
444
15139
52852
53170
7547
87471
70378
28750
89608
43675
75366
46253
74115
22364
68423
23036
10417
29898
34522
10630
48677
53227
34412
66017
39971
59433
15894
21498
41600
82836
54956
24925
22082
89432
76161
67887
87821
77122
12570
16479
23237
85349
85925
42085
89550
14387
27406
67304
60581
59839
15502
83043
88895
72714
7745
30502
34652
87731
55874
54417
74949
72854
28630
14547
98698
30909
81296
31900
20204
26595
16232
73117
467
26659
75578
50429
89485
1820
76538
55345
88262
57597
66068
82668
43450
7253
891
95979
33917
10699
59153
92870
48159
28292
83499
52989
272
37735
34060
3966
58394
32388
63443
86916
53895
31391
63704
33150
24906
90457
2607
53794
34576
55637
96373
35088
23764
38410
3641
90043
60452
94298
4277
66375
20087
73866
9798
303
31175
1601
9910
31861
20137
57835
38634
79353
56609
19834
11870
41976
48292
9017
71509
98376
75239
62641
4765
74738
63573
3736
30850
3575
8950
88732
9380
29405
21244
52630
3417
46085
36201
57072
35849
17938
80812
47860
1441
86597
37524
15484
8633
52938
49875
24037
38375
44019
14956
64510
11147
95948
38906
18858
938
20985
68361
19320
84534
50189
81899
12055
11244
8825
51310
69160
29232
85590
88706
13868
79168
35019
34614
66624
62676
2700
42667
57010
47326
65791
11663
48080
1366
88369
61469
16599
9078
27810
21491
38690
34118
89011
17572
95065
81422
15349
96530
1731
12848
18630
80274
34635
5269
13095
90409
21311
97229
26353
43168
58273
56971
89162
86985
64311
83543
74553
19013
34376
1990
76534
73271
56895
42167
44566
18337
40965
35054
91309
30604
93123
39996
89391
41027
38666
56550
22060
80086
30377
32779
31334
84518
52270
74890
81432
33202
47211
55313
97432
68999
3428
57266
32511
64513
89595
93597
26681
54963
73513
57792
30982
47643
39929
30079
85969
91710
65246
36860
46043
19189
60649
44717
21940
56741
55244
2173
11271
80933
91406
23793
79890
57596
95412
25384
5652
99309
6301
31740
59798
86381
8619
30380
89468
66864
26836
67242
73995
93790
50063
42575
88380
83395
55432
51561
48029
3041
78245
84787
46555
17133
9929
89764
77342
27215
66482
87961
94489
7363
64202
13540
32028
91959
78392
17850
67530
2154
59486
5786
48631
6652
44092
49511
78476
81923
11287
67041
5169
93506
75379
48268
81285
38550
73341
79069
44007
13395
12825
83690
44277
16144
93194
10388
45219
78687
83148
22516
17512
58650
68423
9877
58765
74607
56742
77908
30517
52199
77871
86418
97289
15825
67517
41193
17544
88346
30723
91567
55375
47147
73533
13574
6798
8423
11090
94611
40889
91083
43814
56162
24035
33311
92032
78485
98049
76559
43369
9542
57711
56553
5255
54768
27342
4452
37785
2368
72952
60028
11466
97731
84441
96464
83929
77077
28082
80654
18087
2486
7039
79304
64354
43769
44356
74935
14932
42005
18050
77725
41363
10372
16099
16664
82322
97690
46905
37705
34452
80532
93588
98898
36156
66497
13522
62786
11584
75752
74352
85893
97507
37170
39133
37827
28679
35543
64306
2863
83536
2691
77026
39661
72940
44250
55846
91291
85410
11163
16626
4290
27831
84067
13060
91050
16612
42338
16451
77491
15736
34895
35178
80361
31081
50804
12886
30756
65463
42027
76881
77924
21125
34708
65545
15982
97449
59432
31167
31881
35048
42059
95390
20292
66441
49769
19930
9396
92554
73490
6199
84611
41802
30633
43224
32402
31471
60233
90631
75143
83578
45845
98497
23325
44351
26036
74201
29966
81655
73547
46525
66738
23910
31598
13698
19695
80660
88789
93004
29858
87176
71735
30396
12204
5624
33678
78982
69062
68128
27270
47017
76564
51290
95654
46406
6370
3884
72682
82425
7168
67816
96981
39791
15303
27897
26490
49211
3953
34216
10770
71264
66282
96969
44656
75621
50693
86710
90353
50672
32927
89497
28457
51021
87972
99486
90254
98827
87330
50647
27838
60685
20583
48978
57280
67158
8133
30046
87810
49967
81445
44959
82344
17447
30091
5078
54558
7781
5737
10249
46483
12343
67922
38908
66999
60623
91450
62237
96570
68741
84128
35367
85302
3515
6725
97812
44250
32550
60422
11063
9295
6222
62937
31159
22502
6877
48214
63104
98073
15364
33594
6876
78437
23176
44056
35681
36642
78385
22042
46671
17719
35992
4836
98923
35152
40005
37208
94482
59536
73954
14854
92979
9971
5343
30770
8985
25828
92889
31986
39178
63255
73929
92622
96154
98879
44151
66895
86936
38571
35511
98831
66195
55533
71545
11092
63195
21775
77349
78418
53832
54119
2971
81839
84725
82102
45684
47141
52652
85948
66408
60273
23840
73544
13023
7789
89389
10158
15333
68091
46395
38038
44296
52433
3623
87052
47183
92877
67713
72336
29521
88549
99121
24839
69376
13143
41373
5873
72305
34559
35753
94110
20886
82671
81749
71050
36807
47948
85239
82885
22904
38717
45933
6905
43740
52765
44989
63795
54998
98255
49739
17323
40082
3967
555
9982
75617
69629
56699
88006
54588
59960
86807
87190
88930
49900
81098
52912
32973
55602
1433
19204
93501
57778
57542
89098
27835
20289
82152
51624
61875
2270
43644
54918
12036
32696
47693
70240
57780
76123
14603
84444
17397
9980
51517
56316
19548
87595
54186
15839
47595
81394
75510
45525
16353
30987
87080
15399
41701
47500
23629
88997
52535
91707
96179
39896
1819
87911
1663
48731
50434
56369
96444
18410
35698
65344
47259
95292
6798
98258
57322
21160
19537
90467
84143
95072
43144
2807
27653
84099
1234
50380
40124
26883
17209
6383
97151
30952
54263
30796
56846
8937
82415
19971
16158
89116
25282
42108
85093
96290
78917
54180
5072
52566
61301
16016
38115
88455
77439
12451
76067
88824
10225
24441
66216
33402
26948
28538
61152
57506
52977
29466
59961
90575
40512
19474
28538
55989
43698
96526
97875
35619
46262
49546
86433
45114
85807
86626
93618
83138
5340
46123
74469
63876
16942
91025
84741
67855
29555
66158
97041
65099
87778
12204
79629
93709
8259
45109
46435
28143
26906
29035
47863
36413
35736
52155
32956
72752
64034
76992
438
99146
8161
72704
29963
64439
78977
78794
18068
25086
95386
60283
84652
81167
15491
92259
45251
47611
515
60536
96731
6736
82756
63001
77617
30140
76792
45839
53024
42586
90117
34417
59493
78595
87688
67728
38351
89501
56131
2882
83941
13787
9163
86336
15292
33211
80092
89688
46896
33948
25423
15209
7486
95997
52065
22966
5062
54804
8759
36502
12929
44600
69210
91
78025
17441
62748
53251
77585
41567
65665
79369
58607
32745
20889
466
5344
39712
83049
96866
9298
87341
94052
60338
74133
49846
10769
80971
9345
49006
33460
58548
5436
11130
73934
17002
58526
90170
21950
1795
99933
79561
76808
38063
20106
39420
44686
40447
70775
24146
34407
11161
78917
15446
28336
15761
63032
31302
25337
25459
79349
24093
13975
80263
40828
16522
68891
4716
66392
42774
24509
53973
77513
46193
28435
40683
97678
18866
56487
36655
13563
15332
51440
85990
46694
79289
78211
53320
27462
87421
8998
62287
86895
6582
90317
63525
93759
6447
81899
78566
10890
10495
64859
3489
59994
71906
65310
93000
98605
12091
69158
26535
28697
72372
27904
44999
7675
47044
1578
33426
11353
65144
10856
50485
18488
25670
93802
65013
43342
3023
85933
85028
21979
23235
51369
45962
37119
34206
78727
88720
87290
91934
3078
75425
15359
65874
99371
94769
57016
51495
8138
93431
99126
99087
983
78949
36517
58937
12868
52467
27396
98054
65162
51633
51092
82612
91793
67947
61276
8991
86619
84818
49259
87711
19480
38836
10659
85175
24518
72797
64994
71612
57267
9661
9455
7758
79192
27842
35657
27360
81989
22545
40982
23827
94653
86548
54221
46109
18825
30440
58176
92555
48291
68395
99769
98509
40169
85079
15120
10238
6586
77069
11791
48638
13526
38710
77335
96535
773
28052
12729
68646
68169
64897
84092
27625
16673
56454
5130
31355
38458
23173
78943
13039
3766
71064
18017
9917
75692
67481
72561
97415
82113
1856
44730
59945
7809
63181
412
58796
32489
12101
22561
43062
31008
86851
48015
30486
86252
41583
85256
52755
97126
64608
83096
46710
92083
56007
10840
47355
34123
91145
52094
78647
32744
12995
57258
1243
9171
30808
79806
58207
61297
31911
64625
10164
53287
12731
76736
33835
96712
90889
14448
42999
71186
52941
97953
21348
73220
11770
13614
24359
36714
23461
69254
69067
14445
71577
91793
61844
9636
22332
11565
19988
52551
51690
76560
31618
76865
94849
71817
64882
82281
39231
22061
83958
69614
52388
33116
7044
60330
84251
58354
80679
54139
52306
47089
62804
54396
36576
35921
12338
43980
23314
48641
34605
50544
34612
93567
20077
37494
24243
66736
46959
66634
55188
57940
65791
44744
55142
36248
9718
18990
33117
30227
45030
88350
1996
45751
62646
34012
86958
99253
39827
69351
76880
46064
83040
87389
12075
22083
53278
13457
95897
31834
63301
65935
78635
56024
95706
65300
92928
25927
11618
62420
14581
25720
16404
33925
4778
55842
90080
64326
44484
71039
40096
74403
20967
75584
37575
73427
78747
232
20725
14496
73673
27562
55472
27895
64405
43545
38303
38462
54577
17380
86369
43381
52557
30994
75137
52023
84008
15293
60820
57319
39928
34795
44415
61097
27862
55754
21085
22339
80467
39461
40733
90174
77090
9998
99265
96855
21031
85975
19240
64710
80362
66924
68331
93516
9513
1787
3193
55864
66432
54889
78007
87338
67441
67314
92023
219
81085
50594
68613
54813
56127
46595
87318
71138
57984
86915
9303
81713
2735
93096
40973
29327
35532
51392
43143
49077
47476
72695
2122
55433
32589
26493
34372
95359
59625
32033
25294
74382
2062
40389
53576
82995
13652
39341
38024
69325
25782
69577
80563
4456
44215
86878
63796
7657
69927
7242
59313
25834
87365
6903
90298
19158
86644
17971
80208
47661
16523
31502
6023
71937
46249
40232
90090
69939
18630
70506
14894
51177
49355
90005
38474
57298
22677
66867
62404
93310
96467
19630
41873
26986
75133
23000
79677
3655
27867
15527
96538
63171
84219
61542
90483
47795
15091
79930
56474
66640
48396
87060
21488
68576
13137
8975
21122
84597
98732
44811
42543
71141
97340
12047
39138
61679
31646
24052
47895
69289
55812
78105
80173
66887
54557
40951
46654
26306
20114
90230
18430
87457
45666
30471
28215
52605
98190
69557
12503
95526
95308
43905
43303
96057
2453
30698
35448
37554
72071
78994
88101
6232
43981
81175
53218
39873
63140
67895
42083
8370
23798
28347
1165
84491
62236
58775
62956
37354
47225
72857
80585
87358
1513
51499
99113
43419
74171
40485
34173
30224
35751
47602
20414
13533
85421
93164
57577
9052
89424
55880
5920
48820
63111
69587
93141
67119
67409
66631
95809
22937
40087
75760
99854
83912
8138
70469
91005
44514
92823
53732
96012
54003
87511
74849
5867
27443
69054
40653
34449
96102
3543
49470
54487
60193
49662
34666
83497
96724
36683
75805
18489
69455
64207
20400
64232
29171
12657
86229
93877
35359
10811
33279
27618
27202
10400
66657
419
79597
12778
5393
10262
67454
24217
31961
12661
8549
44075
54565
86740
56534
2199
10728
92024
43196
30917
72700
89566
69160
33974
71395
7371
4142
95844
62224
21734
89648
47733
10587
56271
66814
73994
26308
56216
62474
76427
23515
54714
98612
66483
68294
4455
96515
33132
6367
40321
33774
40136
24159
21070
99534
49787
67627
97173
6516
18981
51806
58214
73541
71737
182
66234
15474
49833
24423
85055
76202
69577
49413
58696
91006
75609
88463
74024
99180
26836
79837
98111
94825
66512
60673
55555
32035
46591
56995
98933
13061
80903
48428
90657
35811
60804
63180
66097
49392
61183
18466
50408
62914
1763
24593
77771
90733
12543
95196
45008
96425
24333
63358
35897
84000
64133
17626
99408
95944
70831
97233
63363
59716
71481
93217
68115
86957
6802
45250
13270
28623
9529
17666
58818
42373
66265
87784
66049
55413
77775
92006
16819
27558
87800
70252
13963
18936
50234
97783
19187
52268
7645
53993
67713
36605
8853
50952
49348
89113
62046
15533
2562
5481
31530
12772
11718
96822
90344
87704
28941
50555
9768
54008
80200
87480
22817
26939
15813
32259
75358
68059
87739
57024
61412
81746
40332
23526
81887
62764
50591
81173
92782
60907
57999
59205
59859
57075
90169
4134
95145
10255
783
56481
77410
33420
39119
92614
43551
39039
88700
76299
13849
71560
35234
86653
8092
73367
61814
64700
34084
97449
67180
69231
10773
35392
52399
40168
98309
14067
83573
91629
70897
66947
83703
24496
61031
3485
91850
35923
92667
72753
48553
96636
97248
30756
31014
19824
65125
39022
36896
11715
57418
5616
94580
86050
51327
10573
26201
73256
64592
21372
80891
48680
65053
29301
75247
47000
47276
45075
57857
3254
38893
30332
76793
19251
31137
66206
35287
815
78386
97342
50979
59993
26758
68668
86112
52253
74396
91575
89005
27597
4686
89890
41836
76185
15575
24111
2273
65584
68519
68663
69017
98495
79061
30861
5522
93629
85266
95322
24243
22738
4335
71879
98487
92924
75104
68384
62509
29149
81556
6108
64017
65448
4901
53689
42641
66568
78551
41609
77861
66409
65740
83339
44509
15625
63145
1545
64954
83908
59261
40234
18594
9171
50425
52611
44428
5503
29326
85028
33436
41370
35683
1909
18091
70713
78379
17497
25217
94242
36917
98783
43121
72258
42123
85331
64911
90162
17806
84020
45082
22257
51940
44034
18963
44242
71713
86874
21121
13770
29621
79411
4343
87625
82164
23982
80537
34917
38048
88749
50703
65579
91277
91584
82972
16096
99282
84852
67570
54636
50332
30212
32911
98647
68644
68089
70807
67237
34870
68234
65622
39186
37572
73866
84509
4762
28908
39830
5953
42764
18481
54226
34488
43950
60428
44919
97598
60861
8776
3457
89855
45106
58986
5982
75418
15502
79954
55026
11297
91752
84873
96947
63969
86256
30555
45603
63109
72895
59932
29098
14533
62071
89995
51655
25813
66527
34599
51373
23456
90984
59117
66319
64013
10466
97340
25966
74270
79861
10068
42368
50115
89462
74353
68734
53372
31662
44870
60653
71742
25909
34883
25057
51156
24012
72234
65114
25169
89966
26790
47191
87228
25482
22376
44948
13367
5058
75587
32305
97205
71802
50713
42880
74131
85025
9747
84824
95110
31395
94282
81942
44614
18378
68241
20
3581
82714
92780
30448
60644
94159
404
60969
13708
74524
92195
78015
37400
72334
29622
28685
16536
48369
57163
13881
39287
21001
27511
61870
52880
97295
8315
31323
20849
24361
33290
61608
32068
64451
24263
38621
23049
11338
50344
10465
27491
65742
11918
67587
73628
49926
49750
97044
31927
77566
58321
39748
65
17676
83259
56139
92964
97240
39231
66690
24616
48953
61446
59798
97308
39724
90408
9622
82908
72772
49446
43938
81825
76095
21403
78455
41294
87401
64452
4111
29857
33671
64662
61218
88820
22558
93975
5250
56799
32886
81229
59163
39241
6472
69994
24588
89681
58772
77185
81228
45371
33726
13624
86873
64188
49245
96805
1181
57278
45350
49306
4950
70281
59976
8005
33475
51671
13470
78335
52060
18189
85294
21592
37144
37699
27989
9377
14504
36630
59284
58154
55188
69697
15338
38673
14589
67152
56938
41204
20222
61411
44930
45974
46419
63280
19816
38229
24726
54303
85186
7353
48012
38886
89633
35627
12305
37800
74735
26252
35072
48432
80475
62778
36921
51142
81725
11814
99480
2343
13545
94266
22746
6243
64691
53210
48417
98612
83323
58339
21703
77861
24077
98372
50425
28734
81085
88643
95090
74167
40035
83100
3106
1325
82685
81754
80690
9737
2821
45578
10033
27917
58716
57303
81211
65253
99141
59228
80748
64637
83324
43906
82642
27112
3901
47579
13139
60561
82793
52956
80882
77047
17012
79075
16482
40532
1754
9605
67838
56977
62820
98637
91708
91843
5117
14855
50328
46801
86227
7942
24213
22769
14498
46633
81351
20391
62265
88406
9453
39626
93156
51471
8751
55633
84173
60015
29209
4962
55417
56032
2480
30871
58150
82875
21081
69479
91992
43879
12429
78467
28857
41016
33576
45357
36571
64011
36487
21094
27793
23972
8387
90805
63867
1047
67577
22417
63259
60998
66182
13761
28784
66068
8092
57949
41238
4328
20302
63964
53029
65504
34382
97605
84995
55748
93693
10878
86149
66208
81343
13389
80104
40578
27495
23189
49495
64813
16621
54817
69539
47352
22745
28140
24422
7886
180
38956
48669
86103
12470
27402
40832
87089
58531
62824
25966
97167
67403
20014
62143
37907
80678
50138
78267
9618
9881
6875
40112
35608
84422
76150
1390
5229
61855
70896
52307
80038
46835
8001
22609
30845
74050
1768
11298
27935
62352
55938
51085
6230
44455
9258
12094
38356
90525
70990
93223
50314
23604
43229
51277
67447
89745
49907
34290
65297
67399
95745
72627
21777
5531
85775
72788
95748
28520
9247
83012
11087
70498
12171
33052
36067
49266
34864
33776
75706
21376
59170
81630
39181
71302
28585
45968
71021
35399
38377
13463
79780
80876
39248
99307
83528
30032
11894
91646
58885
15671
9034
70844
85191
75176
51691
12589
2249
77603
40805
37807
80749
82273
19178
24228
69344
41353
56569
83623
58270
96579
98365
71164
39109
44099
41073
5549
37836
44218
11400
35212
91471
839
37458
76795
47367
84929
76488
7817
6016
93221
86834
13242
76742
68757
8657
50126
21
98056
18599
81622
2194
85330
94161
88152
81716
4303
31137
59832
57718
33043
7896
9511
28222
49584
97398
35493
64169
47734
74517
8669
19240
81452
87502
81421
13666
72349
55877
81194
1649
85436
76111
71932
79872
65237
87416
42822
71400
71300
87193
73277
6172
37932
30206
75215
63027
43025
5334
99467
31181
16285
31460
81905
67831
32354
33249
7766
81728
97183
3651
26943
90174
67827
91603
12116
56
85095
61897
52926
9965
50133
38715
61766
51746
76055
60724
34321
72343
38355
65825
77171
58157
89531
26938
24463
39393
598
71525
31668
21233
66004
29885
60532
87330
88932
91930
57116
26724
12463
14788
40861
70949
45602
75731
77665
11901
3286
40540
57130
97029
17396
1016
50380
75845
9199
98439
24858
14791
18463
83750
61694
71504
96984
65020
75152
76601
94740
44357
68199
55077
791
30705
44224
46921
4130
45501
24075
38428
45563
84347
86770
41682
33042
83386
74315
95763
29524
96765
78826
63659
42151
51827
8679
23403
91027
65298
12373
60828
46662
92520
91999
86992
79724
50953
21949
84244
9235
29357
14319
98253
83092
99913
81806
82925
71636
72791
78596
40502
34338
66342
11753
50229
9870
31578
10944
16971
41504
9275
3021
5463
72982
66170
33319
99574
57769
16021
54461
75804
69666
62327
3941
41817
4459
56819
93655
76184
33230
62774
35971
54981
41822
38788
34292
78753
61772
28827
34668
34554
33161
19828
24454
31603
95237
8094
4515
93191
87318
16136
44780
37666
36782
59874
79275
91550
97121
66106
24271
8059
25767
77706
75938
71165
76950
64980
62414
35473
5807
76117
25016
63698
99000
18507
72653
77436
90214
81534
19248
34973
3896
14259
38477
5325
29940
69032
41136
27789
83143
83834
13041
60972
54323
38219
80718
50494
51280
59508
9182
57921
7024
83625
11061
28442
6866
45400
68646
64080
37894
69036
72604
67665
46567
79193
72426
72521
38122
34733
25031
5156
57123
61731
29740
31350
95350
72912
78775
72737
31805
77273
70251
31333
7115
64405
37934
68632
68132
67236
96095
88311
51040
82592
59744
81320
99084
6018
77162
8119
76162
39996
84121
47295
58510
2160
61112
43308
65151
67612
51793
88053
9076
52022
79688
59629
92845
9785
46213
30056
90146
16778
70330
88394
72885
80277
37688
68983
78291
36578
6718
14243
76905
37177
19006
18012
67905
99352
20035
20486
34107
48538
71237
28793
65831
15259
56446
85341
65008
74696
22551
25471
24796
47483
43534
99160
82156
93307
93916
75319
97855
74963
72138
65099
58785
79183
9013
63060
10515
91706
52264
27833
47211
66184
73359
22808
77707
3359
88655
75279
19432
60144
4364
22388
95130
14012
38204
35025
19534
48308
13857
45425
15770
57719
3454
25452
82020
71746
52128
38365
38610
84282
93188
39334
66101
19150
92769
61324
88678
51294
94705
98843
32277
51481
73714
95815
50238
64949
61703
56495
57774
79479
16782
68052
17000
12662
26108
10398
79157
44865
35650
98976
1851
29693
12523
9145
4602
7265
25813
21183
27749
24109
33901
6710
30135
7564
46838
2563
5501
96046
87107
73735
77860
60133
36718
37908
3214
15832
35511
85564
91308
54715
18490
35132
90714
42482
16343
21008
47041
73262
88646
45587
31833
3234
61712
46067
87311
79365
67978
6741
43143
19887
91301
93103
59782
75123
71044
49416
38442
83018
51134
32162
17351
98163
76914
89654
74968
89926
17542
64739
57345
93091
55478
6258
92625
96392
4924
21140
51666
86070
61747
24567
58293
17712
88817
96584
50885
60236
45751
18281
13206
90404
2576
9699
92393
24107
92482
5073
33117
36632
78116
31761
94341
71433
59233
43046
93443
60166
79842
18906
17747
70590
6409
85263
95271
32039
96121
7896
528
37749
37945
41031
88481
90941
95192
27019
38698
47044
76743
24272
57419
80934
65653
41242
10183
3122
73209
48949
44067
59422
86447
86822
69801
82958
62786
63122
74537
47094
89377
44933
60893
11940
98524
91661
11748
16607
59755
81113
85571
51959
79207
20306
39646
46637
76582
2246
50254
20389
91316
9314
85121
69105
20385
777
67299
34405
31150
72430
33637
13427
91442
94914
92525
22952
70931
3369
47826
37828
11412
34719
42617
54149
37099
58022
68920
96263
14492
61550
96981
26452
60119
58479
5857
75553
23916
84828
42474
81901
63155
31621
79108
3749
68786
27311
61143
86125
70262
35384
98129
23805
34354
40594
47521
67993
49579
20188
58999
53601
74334
77343
51870
41732
39572
88526
11606
19688
25547
91733
44828
14588
19463
72768
1648
37309
91436
73496
53054
4080
23611
67162
61043
28182
16367
62789
40193
76192
44863
19935
84251
81329
88883
95614
67818
65839
39731
68333
29788
28823
63979
18743
56588
70883
2202
8437
13296
73471
17298
72336
96098
80359
20362
74801
29562
28062
36551
52558
10252
29455
82143
48508
37847
15381
25975
77626
73196
40880
52607
21366
69605
69088
22199
32368
34712
74611
77352
57331
75720
80647
53248
42270
19909
92330
93965
86157
21803
70289
46921
15078
66042
75472
14858
3544
59792
65890
97829
42221
21901
28346
33525
59582
92578
31489
72594
75738
2454
48765
22260
42432
65090
64358
47067
81114
60055
53951
28029
80096
81413
88383
83806
40318
80560
93819
99852
74573
99132
87985
68003
57350
85269
28018
59941
74092
12771
15551
78251
16146
3679
99763
22285
57105
99665
51397
88785
73500
34244
42495
54355
65285
44282
36499
15312
7482
73124
7587
25790
14263
59602
10570
30118
93375
85591
70216
40606
34217
18110
66079
28653
70420
5778
62042
12849
88992
47835
52478
25487
22666
2597
28444
90209
56303
70126
50657
47108
24694
69705
62287
39431
15164
9551
99992
65575
37688
40096
18578
7834
69042
52991
62917
7240
89770
60768
71748
55522
30786
58259
9273
31756
95350
33692
47507
29124
15972
30392
53128
62453
82100
27190
98365
79123
5648
51176
7213
73456
34161
27109
17393
72491
72503
94780
95384
75010
84666
28164
72662
32532
1660
86111
44439
1057
72707
53909
96573
85249
13520
444
8192
77017
65907
97367
95969
96569
83287
83046
99392
33958
57941
61597
42400
39215
53480
2914
99105
30538
38086
87211
25872
72166
81891
47513
2238
62725
70672
26658
17586
84673
66843
77702
25874
29528
71147
81627
42225
83745
34465
69682
10671
18942
73173
57388
68864
96295
94576
72631
18956
10650
79324
82784
41280
90992
55319
31664
90521
93276
32771
73986
36908
7645
59062
25759
86912
20873
95072
34105
23102
8653
93923
31346
16875
82531
95426
72739
96342
91116
62909
21313
84598
65147
46942
46793
2609
21220
65854
66000
75004
13947
76572
17899
80950
13093
2666
57018
72446
77782
12009
57825
45117
61591
46562
78206
29622
7736
24158
94131
98861
78238
67771
48804
4851
57774
32542
49977
78413
22794
90568
52669
97799
86304
44251
33163
59025
60070
72591
21648
80611
85361
98863
15949
63655
12181
83971
92252
57256
23199
64138
6273
59943
56342
18457
39482
17081
43893
34820
26450
26278
79767
89492
48623
24765
80549
8586
38087
65016
27759
93148
41856
69774
22124
68027
47193
34801
33322
5978
64493
89042
33995
65577
2543
90330
28270
38855
7450
4200
49306
78242
3584
53439
6035
55889
62870
77294
76610
60966
20375
37878
87904
58695
94204
38747
28883
36981
28785
63766
56600
91723
49205
99727
9432
26299
23504
83206
83995
57653
49391
53824
58118
4385
31125
41774
12960
68689
93174
58774
96212
71372
79346
39375
47482
86845
3395
79735
31355
89327
37684
59524
50225
18094
10231
13155
73434
43493
45746
83932
966
63157
79422
44297
44021
5794
53861
95435
86300
42648
87957
82276
15499
12895
18974
85895
4271
22868
9279
99365
22098
17820
49599
10930
55354
94577
63683
25621
13766
82771
39390
65928
88487
51551
19563
33537
64933
28473
13949
30782
43700
73565
25489
38736
47438
54309
1167
4121
38245
1400
94672
90513
98999
22845
73399
50876
76682
85797
50635
61148
59314
25316
60634
5120
16959
46224
45002
17450
60466
10873
17961
51201
25823
57709
77913
57164
16068
69276
73283
1186
77768
39240
81041
3377
36298
93482
69373
52557
36117
65363
95714
10122
64957
28599
200
16880
56966
16958
44299
28790
78142
87061
7515
16025
49102
72476
75269
84856
23209
65657
97085
34958
30227
28713
2534
75001
51921
44638
63147
95327
98004
24714
36318
76086
98920
79925
50708
43971
3451
18636
13337
31114
60140
44217
97463
20373
56468
73893
52620
36277
37894
5632
47050
52315
36041
67039
80510
37097
92072
4371
4533
76759
36626
16290
43887
2981
6312
76661
55512
37651
4080
68601
94103
43315
22331
71388
31288
59388
34503
51583
31283
45540
75947
1120
2424
96847
66441
37400
96943
21601
31713
85698
91026
5848
75382
62574
51476
79648
55614
42252
95625
12212
61923
64369
27240
17670
36137
60711
93104
90926
82892
94532
24256
9006
40210
40047
92263
76808
71106
76823
21796
92567
8564
95584
66872
89566
23432
59103
36135
43569
28092
6370
64661
16215
80234
83823
21989
6603
7474
14846
41120
53668
39838
2552
81376
3309
79620
77426
18534
88541
67125
51790
61656
4846
68430
66079
23917
85916
23269
49196
26876
76581
49914
39705
19590
44117
38846
21991
91684
49429
42448
67042
36646
84014
94892
66732
39414
41633
18351
64632
72784
92921
59189
60477
4318
9764
42764
48987
29917
18722
88897
92880
37090
56750
6294
13552
67026
233
863
88421
4984
46949
19048
91342
15454
67768
83518
61057
55220
35214
56857
7643
6502
40416
86106
14232
49398
93573
65245
46147
21730
17566
61451
45093
46406
53725
98234
73279
55879
91605
46058
4085
19052
78397
83473
49341
64711
84477
35774
9391
199
24946
96292
18322
5808
53955
92883
84503
1786
38499
33104
13728
74249
47453
95816
35660
19229
24399
185
97035
89260
89512
23807
17304
53067
74041
50389
21008
33586
9531
25337
71171
6335
41881
60852
94952
77339
50641
63970
71879
87902
93134
58754
28537
73421
73493
31189
82889
36108
13842
47561
66112
56080
28932
963
66638
97334
18708
77155
30742
27114
20003
62033
33116
82868
569
72797
74050
44400
85477
84916
24242
61531
82631
31671
79130
89342
25853
54775
68361
87004
51430
41600
35984
15295
61240
880
63699
44185
4090
47195
72316
73538
3267
89185
10713
76450
70350
37527
95050
77324
81556
35740
10623
81898
89864
12645
7570
88530
73962
23135
61515
92027
44024
32020
12530
65177
25426
94436
59939
58845
57391
11219
36483
76173
79939
22800
93819
64746
16476
28097
16577
86753
70638
77303
41132
73847
30750
85614
78438
17240
74980
83082
70389
50133
52715
97229
91084
99036
49007
70662
20947
31312
84358
50946
12063
58687
8101
63125
70594
37496
68767
60680
62877
34349
85204
79426
62397
21519
52158
8224
57490
95415
17259
17758
31596
58897
6192
40915
40626
96779
68489
3923
51169
99049
41573
48133
81954
91280
90106
72746
365
21875
16319
16653
60929
67571
41372
68573
68096
15552
64405
44312
38120
73854
22744
21566
16554
72112
10833
49967
44976
11651
41844
2830
5478
18171
32637
59543
30947
23178
16747
83408
93687
54612
21925
70411
75389
86186
5552
87923
80929
33111
51750
67846
74855
75194
30291
55282
60848
55308
53166
75336
16839
91276
63174
92364
97545
77948
47232
62558
69274
94512
54338
90509
4910
2168
27937
74102
78950
73761
9908
48004
64373
88224
77569
9176
27579
12839
96346
55523
9280
84382
34200
63501
36117
35549
44528
56687
70872
98249
57498
70261
29418
66146
34944
64167
35585
31163
97653
38186
62852
92322
4456
4480
75877
82820
18227
97127
99403
64624
27374
5862
51654
83428
23258
20154
77812
14983
26561
7376
15112
8083
24289
81000
65793
41541
72161
49293
35459
46996
90863
39193
85213
34122
34360
64282
1621
45003
52844
22988
22639
45957
16216
25807
29784
96350
50306
44481
34931
4072
11676
56212
56945
40665
7242
81696
75998
76413
74662
9844
76947
59920
75361
51096
94931
3803
9518
41890
29361
94951
44454
7746
32641
71652
9395
34742
94869
14350
55047
28248
74221
29288
34284
69417
58076
26477
8852
67132
85955
29538
42274
68190
66414
22578
30598
80918
43636
28724
83252
38613
65599
25302
1055
62926
99526
35876
37849
48785
85384
17504
20791
77966
78209
39344
35825
83578
4885
97807
10319
9489
23322
50946
10141
9342
52156
43517
42037
38649
82246
49076
27234
39330
40627
27318
53638
80646
18413
95988
95317
59104
87286
5265
91356
44460
35531
30218
75271
39015
83639
59291
91001
67008
84751
58399
55298
45547
83082
66118
49982
39132
81427
39899
49063
25302
87074
94480
74435
7031
54623
60462
46512
80864
2513
22967
27047
87876
49418
60121
88632
90899
52897
94965
49261
49550
43332
60930
38110
88812
62255
97534
81655
78117
2572
58344
73483
92822
37540
27497
77343
94135
37231
58622
4530
51740
92114
99361
33203
15898
35373
659
17002
89786
18855
81010
75851
69342
45247
94657
23241
47383
2729
32144
97507
65785
56910
13897
23383
58082
12426
86746
21496
39055
47195
11371
78242
61427
73216
64142
52778
34539
51628
84029
34129
33759
95245
3986
44351
28147
47875
99610
2492
89719
47907
16733
58990
36092
22216
32717
28587
78482
14574
55636
38243
36583
1142
18425
62745
80079
57446
25404
21269
6596
62622
6283
18468
86651
50793
7590
15600
19719
45991
40309
32418
7191
41096
10697
83768
3455
52324
45214
46501
47431
47594
38131
98404
52128
83283
19037
98637
93449
40393
1823
76384
39892
37299
6904
45077
8502
61594
51770
40053
21562
2518
24073
12013
60341
6727
84132
5021
43081
28800
83724
8904
91199
35817
78420
121
53492
36195
45862
94891
77570
50267
60115
93269
13229
69553
15204
7861
85326
62699
73091
33878
66423
95844
18211
72946
84868
42109
57275
35810
78658
87841
28404
67165
94269
37590
95460
34503
59073
24109
30786
74856
77100
40406
29933
9626
95137
8814
29255
85734
38429
24196
59214
4960
68439
81468
59286
573
75161
33794
78764
80378
75053
69955
93678
50722
88469
91524
90130
68273
44672
23698
35625
20859
33786
75953
46426
65986
45093
52424
47629
14769
25055
56716
69892
65209
69006
42326
79834
4095
99702
1656
37229
59753
81932
51556
78430
75865
9928
35009
37493
39705
50709
58861
10081
48376
37942
94461
94083
19426
85713
81332
64389
54441
82799
52646
79387
37448
45328
17462
67793
86102
21802
96025
4779
48110
89544
84975
53069
15424
58636
31837
238
8765
83590
14791
11460
84185
98689
15196
98706
46937
88130
97241
79875
1029
89431
5423
500
52793
18650
82565
35153
6690
2095
21215
50033
63162
28503
17222
40489
99851
86667
9237
91746
70741
74648
47615
21517
275
66508
35019
5630
48582
93303
76952
84078
81436
43345
53856
23052
55877
91301
84751
62593
91892
14816
7691
81189
82531
9644
47120
20571
16896
70543
17763
91289
70491
93114
44143
59036
11499
89370
49091
61678
22832
61799
98805
34946
29636
1907
20092
39999
65206
85127
78705
35677
72490
4861
84335
72540
92844
92923
75163
73472
95703
67798
43396
2836
68938
56025
62839
6881
32972
70688
5401
67876
8561
324
35884
57345
67890
11044
98233
22418
22532
87710
14595
62638
43630
27946
66640
1211
19891
29298
24056
27403
49477
84890
58405
2066
32127
53404
46567
41397
30856
34005
55701
46936
32651
71643
34648
55722
26281
65112
57593
12284
8649
19252
29776
2792
34231
90722
64002
19196
25246
33616
42442
57079
75224
60818
75203
66125
60445
53169
29686
81683
9396
20502
6657
77451
51123
67739
6625
60246
58288
43398
76631
42229
62371
64310
61845
81583
82320
67951
63248
20329
34034
45964
90227
24417
29291
43613
24247
15782
64769
28697
31904
48021
24081
20729
54519
54419
36070
48220
18572
36817
12588
81613
57675
48630
87087
67585
42055
5983
34730
5464
52647
6127
75880
8190
70853
6802
59627
54995
91551
6046
93366
43095
23507
15572
90803
31427
61039
41927
1663
49211
18384
85308
92173
1838
81409
28795
55815
10002
88136
83003
31219
442
80622
70730
20405
42377
81080
89084
70756
5097
54479
36054
20236
57184
75081
74284
1474
95468
95636
5315
11252
37569
54020
49149
59398
82354
16236
61412
3398
32794
37235
36285
57168
17039
6770
74176
26105
13886
94825
54211
72627
9528
55559
93686
80504
69950
87028
30673
12379
64454
92882
78936
17281
57580
48276
40356
54309
76576
1801
63931
89221
86579
91829
1426
48253
96558
48595
73787
57010
50303
27862
36727
96696
89301
72442
42987
29075
18448
62831
64336
90960
77531
65035
75946
9973
61582
75381
49395
55699
25625
18662
87086
96798
361
76183
50633
8664
45221
8291
17832
63879
41257
83620
74665
92236
57696
40922
54724
74203
73427
34718
93591
47681
22229
1965
31324
14885
31893
25722
82119
42664
39453
5409
44584
57453
21820
16038
8691
67065
48429
69890
73419
2957
74444
46048
61230
52282
69731
77894
10832
6858
80588
26201
23789
11678
42473
9531
63516
9225
4301
37809
33173
35655
49540
92455
14640
55652
80024
55517
85987
75746
69806
35245
97241
19763
59550
15489
64653
7215
47737
22862
93012
88549
85252
4032
93435
18443
13436
9861
75597
28581
16802
7727
61153
89672
973
37405
32344
77291
24467
75824
5951
51367
96200
51551
14035
45442
27160
49908
29800
36690
93157
23173
25464
35605
57845
27198
15392
33354
65130
51271
51049
93327
64361
52379
70455
58440
80509
78650
62535
19425
59143
26234
34452
81624
59658
65737
36032
14723
85130
5787
26395
45348
24396
9507
10199
9665
52939
37039
17943
63201
35993
65873
13529
42974
65084
39060
81574
56546
91928
34676
2729
68813
72069
12164
42237
35814
27935
71445
98035
38801
52058
32017
30345
48490
99055
12535
63792
38626
61334
41247
96895
22657
1093
71713
90752
5760
88655
99636
17352
14379
45210
61789
17016
9454
58507
96472
40220
38200
6621
47710
75493
86243
53319
17195
16779
70243
49452
72270
7967
39185
42887
78378
2536
33824
74233
13477
13579
87278
12023
83866
55265
39858
72666
38003
12348
46596
59213
27274
59095
29765
97878
41266
12412
84098
38544
22647
12378
79401
6745
43041
12865
48511
84350
5692
84599
79759
93317
14777
12999
38663
21228
56027
58393
14457
27197
97173
77065
19898
52707
77222
38170
3036
20500
8808
15887
70856
15382
80543
27595
99468
32960
39377
46492
59957
23545
23687
37316
10997
46611
77246
8376
39269
11953
79573
52232
45187
36175
76920
90831
44235
49921
14976
60113
92735
82904
40872
45966
16952
66977
61180
12417
97388
9504
3398
24462
36147
62679
26968
66349
24588
52485
61954
73490
48507
78135
6453
78192
62918
50419
14929
14279
32089
96489
22904
41285
70887
41698
37155
2674
27743
50279
60410
91066
28683
42636
58210
3937
26531
84428
97346
40545
48322
78250
87096
42301
82151
54284
83376
13943
81432
47598
48041
60625
48140
45035
12416
57980
43695
26891
79274
78444
59662
30533
3918
50510
5647
34514
62069
18232
5917
15386
11205
22547
16878
51309
87514
78049
21298
49952
546
84953
98996
26635
60657
21297
80544
17684
77227
58305
69894
91411
82321
48876
37161
61683
17414
92150
81028
99680
71517
16567
11523
36115
27880
27743
78279
15755
17484
4656
57142
28963
11488
19102
60136
49139
60414
94430
27309
35979
93106
70192
5338
83660
92875
66491
67375
59327
20526
14037
12140
56018
57825
55034
98495
17618
14680
21634
81335
3646
86486
16313
56097
81906
65974
18771
5850
39536
30917
27808
51599
96971
29262
21043
92496
9240
70168
49135
94401
18089
78846
22499
49742
99527
80419
28825
51736
6004
3464
1363
38180
76084
21276
56180
70595
19810
82435
72386
10032
43726
94852
2114
30590
7074
49
66371
13320
89822
45877
23626
95301
79502
94602
60021
86660
99128
83248
70677
21904
81370
68160
1464
85626
23186
78822
69063
45119
7233
36160
25427
23742
1172
4768
78881
33863
58341
7731
19501
92258
76592
53707
40288
1418
44879
36570
15980
85993
8102
43501
27499
21846
47836
96980
99210
27475
70925
9066
75382
87202
21097
84522
73631
45855
95436
67844
5527
46591
14422
4968
56952
20564
55516
79976
95715
48969
594
26429
18960
1919
20956
79338
6793
69966
14237
67741
1611
43084
13970
8215
61347
59742
76948
69040
78827
9244
33412
78282
96831
66688
20734
61737
52984
17970
70399
83449
42003
14414
95207
68033
23539
41491
93493
27765
48909
58920
62539
41025
66333
47330
31715
86942
33587
11303
75001
21581
3857
18891
43089
94303
9629
86158
56615
41016
1665
92473
10180
81507
89987
26685
95479
29357
64439
56917
48013
72177
49386
88067
13665
84013
45922
92841
56726
89049
42393
32638
68674
10973
26524
2169
20517
63564
71461
56178
50960
68983
44122
91875
47667
81570
89379
68857
32592
84730
71579
807
92217
74895
16745
23678
3692
32872
29669
71461
23204
41655
45661
38783
75776
24445
7301
24103
19593
36519
3846
52113
51004
71285
37770
24878
55303
96983
91129
32695
35001
5751
27612
18942
53273
37940
68076
40823
39856
58201
21941
46577
59038
32226
24601
34329
61533
43371
81138
93837
49669
66216
18518
93674
12415
92858
65915
11601
76781
90548
42085
548
26518
44573
40342
4588
2237
36352
24786
72174
87604
8286
21560
24209
27009
52225
14914
7656
28219
7164
94038
17272
32589
69021
54237
89807
74899
36617
28579
28027
47412
48010
1890
80096
59511
51579
30220
84118
60125
29353
70934
18545
99990
23103
22338
72713
9075
8913
20745
47689
64145
70433
83946
32659
15721
59782
54997
99011
17241
42392
18880
509
52090
98097
60491
76257
60831
80022
56746
6611
41308
24122
44532
92019
37297
62571
91092
77572
13715
28311
229
55412
11318
47467
32705
12425
86314
17031
80524
10537
43197
44774
44530
68951
30204
84043
34003
42300
22599
50923
66949
1731
34720
76765
46743
36448
74075
13014
66213
78338
27414
94430
79820
81197
36960
73903
27702
71779
1579
4813
37423
58424
88830
7438
74897
78306
60463
36654
27506
40517
71932
38744
6580
69353
1169
20623
62832
97739
78660
72149
18999
43916
61155
31988
26391
31986
66545
72081
16786
34167
78464
87168
97568
92672
44434
30496
56119
71170
53717
45935
70568
83606
88613
49901
8299
54736
49240
95533
46154
7783
99980
21201
54533
62070
27251
10386
60295
40747
89200
17253
13046
33784
53835
92280
47618
74393
83466
37333
40435
98996
61509
44910
86710
36805
86459
16082
65950
74014
29242
33034
23766
22861
77546
55776
23568
79177
1172
68542
71743
56304
96811
5517
46636
356
93144
54649
43670
28036
46472
36584
81790
83065
3937
64683
80923
87143
37236
20858
33187
47494
42092
56830
33457
37730
97306
82958
29312
24469
79822
70068
30980
97262
60534
50655
73123
26075
62414
56774
3980
54921
34702
70455
4137
27565
47713
88685
52103
76997
86486
46840
28407
67523
6862
65050
56250
37257
43662
39507
18030
45676
29204
21705
32158
11336
28792
43458
68135
17986
27753
99341
20680
6049
40532
79636
88367
27811
32651
19492
78458
29349
17958
55971
45270
4675
33607
6613
41481
11769
75920
60964
50599
45039
5795
71568
38401
57175
17850
22532
64131
37969
11301
72436
81453
34601
36193
52727
46825
41053
60329
69076
54350
35363
76368
31751
77660
58220
22860
12164
65547
92176
97331
3745
21288
35801
46354
44124
92046
43913
58854
74217
20879
24627
12198
14884
22981
4266
87348
82001
52987
56728
92483
12554
95335
76120
81420
46030
88797
32802
84210
63100
58631
10391
17311
38904
67178
82610
21561
43446
81576
86527
14912
69586
64655
24082
52848
99853
23401
36991
7154
83690
58162
33160
55940
94007
43060
36302
29220
51483
59874
11936
54763
28421
70652
5774
57804
7528
47643
89614
51925
81346
49119
38623
99038
10614
96147
81740
44432
7147
19993
69320
28934
96697
3642
99876
73989
93453
8725
23347
61020
49601
78409
73168
26872
84741
6485
56858
11349
63924
55686
86982
3466
96090
6325
96624
48685
87112
63874
98240
87364
88579
14593
96708
3005
47960
11168
13633
18737
75787
9358
93709
8699
53323
42295
80507
87895
3667
61113
5934
14976
7824
81015
39047
73237
30165
8344
92559
63117
68566
37771
58633
58215
88245
14636
72240
36574
59048
9527
94845
3528
82395
43572
10030
64669
22729
36308
9890
59477
47125
65215
29132
58694
17943
62421
60037
87011
20561
85525
65008
71043
25042
790
45444
57100
25594
51697
89856
82155
72453
14130
6551
34179
50264
40831
2553
27879
53362
52443
96431
49595
83015
5301
41529
85305
20868
18586
25324
79720
28269
86016
13102
28933
48224
30592
42145
98011
35276
72680
285
34403
10445
89960
64809
39646
22320
16219
62687
87075
49297
14950
82720
41290
48589
44542
45462
88223
39432
67553
31199
16213
87579
26584
11070
44178
88142
78706
81077
49858
54294
85257
56174
24046
62593
47776
95991
89993
33317
67518
77944
18915
5256
77856
34546
32560
58054
1807
1683
1162
63164
45857
5946
5113
26108
83653
94830
59267
47613
17181
74135
63355
30367
75961
84958
73886
31324
23712
62170
53197
65300
94422
35200
81339
97408
12783
74932
29115
54488
26627
2029
50985
9150
13854
25540
56257
43494
89290
72285
8124
94563
76621
3959
73903
35521
29657
82752
56094
42368
19062
99339
82121
24924
4809
93336
32699
93292
45071
11183
74207
96564
64994
19712
76524
32841
92275
36841
39455
61332
47400
93351
43597
22935
64381
25884
82696
75037
68336
79232
51112
86356
79725
74532
60062
46395
71613
86038
77168
53228
6930
86678
96875
33850
997
86862
57997
67614
80307
55912
51301
23586
244
57133
7410
18144
80413
43808
17570
18267
94055
52149
35581
65990
50218
5021
97138
50031
38139
34583
90794
88608
78537
75386
56371
5093
69921
11122
96036
57521
5438
36707
96626
12017
73924
97506
17
75510
57588
55230
87814
71742
76894
48635
89101
2970
47518
43765
41429
78090
12146
81041
90277
82914
24819
1327
30941
64459
17871
10809
77741
92002
21573
8249
34760
90800
3260
25286
14448
41788
13343
29335
86677
55668
77495
78178
96608
92551
46880
92081
20276
18052
9780
64755
23583
55759
78382
59810
79742
65866
73108
32134
60303
9835
81947
35179
66850
39698
50922
98234
69125
31629
9669
85524
96039
94884
19217
85250
80780
1538
37420
3061
65889
49355
20982
9931
85684
27008
59930
82394
72573
95700
39509
39326
76465
39340
16261
63933
80051
16489
13297
86618
73535
72968
41618
33675
43248
18421
30505
8291
37834
17525
53476
80773
62013
17594
29259
84093
63086
95369
29152
44010
34948
48381
46066
94340
24944
53720
42076
26710
97324
84928
80716
84982
41252
47464
7605
93106
73345
31070
99084
46338
41320
51450
90640
92014
54193
47469
43021
50308
10536
85161
40866
98931
59653
56802
51810
74939
55680
8278
20628
20222
28269
40158
33220
69393
86571
80386
66633
1800
64078
86756
36320
90806
6848
90287
21841
87261
4644
46395
43826
21354
90730
25184
76017
43576
33223
98647
65574
73492
36667
1163
22249
34568
51379
73072
87014
64221
92292
46149
98379
5967
93605
74716
86296
59994
88343
918
92893
24501
10941
30156
4265
71853
86857
8175
31563
89261
74403
17463
87065
80644
45789
73030
96292
23357
77252
6256
46763
69884
86426
64298
80548
11774
66889
12795
14534
21061
16792
60729
99619
70212
56125
12846
25848
93254
42633
21023
96401
61467
75286
72068
3076
80403
17772
39783
93812
42376
77006
58984
33001
18253
7171
73267
61323
30988
23510
32435
21634
28778
12213
67501
93757
86638
4253
68367
16073
29617
58019
60791
38214
36960
50042
91427
229
75337
73024
11171
59594
68694
56573
77457
30966
23288
12949
99239
19358
36089
11475
93664
51220
1189
3293
76920
67896
12512
55157
22774
95853
39263
15444
20605
41646
50982
8303
69287
62936
21182
43431
79355
89792
20299
92688
76815
64376
1868
37587
8495
51847
28066
12172
23078
57165
72991
1087
96453
46548
15857
38623
19409
78698
97183
57465
67502
54121
40032
42174
24496
63277
62256
98728
49865
21031
92438
24657
91460
32989
80848
86258
76434
1062
84061
54796
8236
29570
55049
14477
97007
66559
52621
82252
65202
99573
7252
75408
60782
66986
47205
18679
81901
77728
15920
87364
88496
93760
58795
34280
36420
39411
32164
20831
46658
53040
97
96245
51453
95969
6028
22315
39227
56683
48451
10743
11982
34344
85692
9946
99441
24304
16588
77462
22179
89284
92699
60022
35802
37532
93778
95798
24954
21229
435
84563
48192
59645
88059
92410
43109
99472
8424
30742
25162
44366
8438
83813
52659
69299
96280
41906
8621
51931
67261
1576
56275
36740
98443
36503
84335
78493
5572
88014
69399
12689
40992
38706
46052
14807
37320
78829
58351
98780
30156
40310
75750
73393
27913
1358
56379
7548
31792
84747
89679
17847
56145
27152
99413
41607
16364
58699
81624
2462
67758
70954
57420
70641
40373
87636
75551
93323
65070
45361
44404
40726
27784
15824
95327
16736
8432
57914
1327
34141
9327
45263
30474
78903
28466
80901
33460
10500
90468
71209
45824
65372
58503
71322
59649
36251
80747
56458
57396
57427
36667
70452
28718
40303
70505
44412
34561
83964
30263
8743
42684
53483
942
69981
71423
7803
62461
95035
88015
22110
66689
56857
29042
40297
69971
77474
35002
67486
78085
36980
74262
22498
17548
35360
69784
51447
98918
43009
2634
90385
86790
63443
88239
22693
11349
96157
51338
85312
29094
35066
38442
13057
46505
5233
46960
85185
90800
34182
71788
65333
75060
93667
90115
13770
79560
90125
33569
33981
30881
35746
7642
85089
94938
19343
92850
34551
55494
5548
29406
75577
90053
57722
35830
75376
1666
19838
59174
66901
11266
70054
58054
88206
28952
24834
75569
39135
19897
69003
33769
58142
46004
36667
84811
82372
61936
95031
40477
59625
41886
67518
19506
75517
78543
19385
60465
59205
62603
17343
65756
84171
68151
38687
11829
21160
67389
77174
68128
77001
70552
40165
54956
77375
49152
84269
8588
96542
62558
96873
51266
95177
99178
65288
91341
38489
46615
84196
29203
55816
28502
36964
7941
49692
90782
3620
79765
27675
11024
11045
17256
97128
5049
63118
17728
50014
64153
672
69218
39763
83561
54001
75810
56051
80962
89718
32214
24738
32231
7583
14584
44303
41587
88668
51501
54448
26835
54153
96609
35153
54240
87070
60847
23883
84861
19094
621
3974
84431
31226
59885
56109
64135
11111
93855
14394
15135
1003
96820
38843
27118
76279
50364
64296
92934
50005
26462
38469
39044
72338
90339
94375
33900
18412
93660
89060
62833
32618
97833
33667
13744
59773
4770
87852
95202
70482
46155
43669
1926
47667
84989
49794
97651
16009
86969
23757
49741
17444
59052
25491
30987
60033
59866
32760
48171
76932
73109
42892
57332
73583
53258
17539
80262
78527
92135
86342
87540
10205
81169
58933
53591
8897
16523
95316
28123
24555
96002
72513
46739
49811
57067
74229
32102
96247
82922
13148
91822
44385
91673
12005
17911
76961
10385
66681
89479
70083
78990
59810
43337
74919
44282
76171
28182
57484
43775
88124
56202
95144
63520
39141
15323
17772
29103
58968
3150
91148
94478
62758
18195
12400
64331
94714
78126
63173
22238
36401
54359
61898
7235
3093
3416
32355
65077
30718
93528
26063
50936
53589
92124
70283
75323
29504
42017
93280
69837
5149
88647
44768
64518
88466
98927
35667
3371
28576
1744
46355
57508
27700
66038
80246
87106
52143
19757
94163
7260
51048
5596
21737
76611
64775
29738
57049
85827
78539
92685
64396
62517
51622
22448
12360
3905
6830
9987
29127
15031
33777
40354
72947
39835
74320
2119
71744
78895
17100
19258
60715
93466
91472
50234
12833
39910
13321
64089
5110
90349
56222
93404
17373
46748
42914
90266
5088
76065
91446
26744
12073
64776
59387
36176
32029
15959
29206
55872
32370
65295
73305
90990
98377
97977
76691
50756
95894
96208
11004
59638
31822
10061
45481
12172
72095
49811
90706
79506
54378
85842
80451
65453
61409
41499
20473
13999
82945
98546
79800
96304
24981
14524
6077
60488
57928
5772
59747
620
57201
52347
83251
53220
65993
48657
8270
27025
82750
40462
71982
66297
49476
7855
67836
50841
29830
82468
46221
73493
38907
93830
90838
90514
69390
32018
2694
76289
66168
51243
4729
65259
38145
20607
81366
41037
78672
45430
73496
8439
94270
59285
26223
79658
51882
76568
73397
56002
44538
1011
32673
65420
36884
27452
45914
82916
25996
63217
31908
81560
58371
36553
4241
92986
93343
90472
22413
63605
87275
23654
32242
93559
46310
13861
50938
82997
98725
79228
51717
74520
31876
45506
7760
59523
37941
84382
33433
89021
36797
54572
21102
81926
27511
3560
67585
10697
54680
50168
65145
39161
68106
7884
36631
56499
29353
41726
74489
99754
20771
41855
98975
63805
67245
68195
80441
11451
53222
76113
41953
1256
85479
32962
32020
50906
61284
4523
61627
30901
22371
37226
83270
31556
3756
35052
2448
18158
91206
30795
65913
66611
5014
99750
30666
66059
58123
81360
86991
25247
88305
77410
91701
75753
30990
15794
67266
28333
34835
65316
53449
68968
64984
28520
88840
2679
98216
30560
27554
48082
53274
40141
29926
590
63998
86131
34570
53680
35684
30909
66407
30177
52373
52044
7929
53396
9047
88472
44852
98451
64119
76878
58697
86543
36905
54739
3647
23983
50158
68630
24048
79273
83460
43477
5336
87599
52913
84228
85857
40020
64233
29012
41189
68022
72224
84440
60140
63744
9872
94124
58617
22823
39422
94150
76129
14857
68618
59184
20480
84369
68109
46807
36099
1005
58122
81602
12401
86170
82842
82699
53262
85769
8593
86825
53767
81725
63332
6616
82266
17788
6897
75320
58244
80074
60890
48758
58581
90590
44461
90194
17680
39303
83487
95156
70041
46155
69958
91666
93752
28494
83344
10634
27196
249
95377
67937
57491
85873
3315
90423
30088
57799
82870
29050
66813
57755
96667
90115
77157
63400
20099
45701
65707
25528
10122
84567
49075
89782
47506
84969
25864
96369
33695
65354
68502
88037
8862
97583
10141
26928
13993
88657
71808
72942
18016
4021
914
3936
16803
60328
67560
65224
89011
58659
63452
29445
30216
61929
634
67907
14434
51842
68359
81767
87268
50354
1588
3541
32173
73131
91940
63539
20244
28977
31809
41390
58703
79811
70379
90470
38301
38837
30993
58090
33001
89185
6647
46621
14018
77224
53903
71628
70119
96973
3770
69240
63484
42378
44289
77963
18352
16821
46613
86831
6463
5362
81490
14873
26062
46773
26099
66577
36713
46649
80057
16670
30133
13783
24310
72070
65613
93567
10410
53902
16409
97042
30605
2339
77058
40171
98771
68199
88861
4425
48260
4355
27567
69566
42693
24745
22197
83968
26571
88284
23966
59487
37887
564
62530
43863
35890
5602
44696
89255
82006
74556
18685
84865
71
79832
46935
50452
33237
57764
9671
39411
68977
68587
21450
35309
46645
98713
95233
22279
24667
6108
12998
66225
69320
19068
49004
52453
84849
32662
69538
50463
57824
26689
29945
80287
47178
48126
57106
73972
58498
44156
77318
22011
99332
72631
55832
62539
45101
4041
96417
36042
37283
69762
14422
67496
53121
81852
75341
91079
55501
18289
77372
40256
95987
48928
1143
36927
82999
23198
37141
79718
72833
45069
19004
37170
38646
17114
88153
71881
92911
5163
52504
92550
12231
62216
46269
96437
89354
23526
46444
31310
3751
62613
88186
76128
71598
84435
29806
94333
5540
49595
54229
65887
83712
59117
45838
77061
62450
85981
95789
34737
58678
38569
3166
28391
18694
23545
16079
8198
36693
25397
44403
95807
72084
8012
55923
85368
60328
34529
97198
13189
52634
94320
78632
81893
7940
90627
87386
19437
85990
77301
14073
60444
22325
8908
12442
35939
84580
26272
14533
17294
53694
27272
60940
12037
46876
84966
49686
4313
75902
29162
48717
99542
11503
96546
3299
1966
57679
81164
41490
715
27302
79933
28805
30630
13813
74885
43407
84008
90238
45507
31214
15902
78068
682
83028
89799
87794
10030
68065
1979
25895
62109
50350
32833
10034
66246
3387
86426
77901
39825
54321
46204
81676
15593
73884
99909
24812
71811
29838
33282
31150
87498
36193
28410
97602
75612
39724
92906
70368
20751
91174
37367
37921
14967
39615
70208
75629
51095
4587
42801
39801
84227
77338
10856
64656
31811
42122
31412
89116
80896
24460
16786
13410
22369
18819
99646
92498
55854
55934
971
13305
70213
48733
18436
24837
59488
41993
90047
48083
54429
87592
43096
76168
67396
82116
38313
23005
68516
11282
15975
54588
77053
21468
92891
33834
94969
42302
83884
94403
1908
62382
2850
27261
27364
62951
42467
22170
79300
29216
99553
77618
68936
17791
69996
14266
24635
7623
39779
9858
99404
49489
9307
94777
83044
57090
24028
96148
38827
5543
92397
5815
37478
16799
94704
21383
40292
71254
3238
19374
54436
10622
24985
98571
32010
14779
6626
45015
14971
75922
41883
59954
50533
66585
69075
51963
71352
75528
52820
20217
87290
73878
86261
44429
61167
19773
17894
4307
71013
44668
93499
3412
27283
19627
52100
62763
87736
7681
98538
16922
21208
34613
44523
2594
85055
16573
87767
26262
44002
81153
66529
9100
2186
5625
72648
47663
37300
31282
46596
87559
84006
38287
20855
13865
23731
71356
93570
61944
35538
11205
81426
61000
73014
86829
54231
74875
1053
76647
28695
14153
46578
21853
54989
71579
37240
30254
48536
66465
21479
19358
29744
81546
73481
53168
23404
91373
9489
38497
31035
35144
88085
453
58891
7981
88221
56697
68849
12556
37765
56219
42893
11350
57003
54263
26206
86422
88193
2978
93241
69087
32502
54321
95638
76590
8297
89566
45285
96051
35591
30547
47248
99365
92042
95826
1034
29810
25697
53248
87763
99106
43865
60759
70154
63340
396
37039
30522
5257
55688
48933
33669
63955
17622
65256
68715
86001
93405
33959
87960
88535
89772
57550
65727
65850
52475
70441
9293
42193
90291
16223
54064
74882
70074
40060
96023
40577
12165
41919
25441
90971
19221
59169
77331
14915
61394
61115
81607
33758
63339
11919
39462
37298
77285
8506
75316
70091
68438
22572
26248
16640
83730
8907
93670
36043
34644
87249
1434
66878
98519
29582
80882
56398
3575
6989
58067
43111
79312
37373
48178
90387
32637
31008
58602
96274
20343
41045
28510
38486
52098
98707
42418
45340
83691
922
22099
78654
59958
75739
54140
7807
19980
62928
3439
56485
72642
960
18832
49103
69924
63983
73943
57528
79598
75472
40977
87881
70194
24235
65665
81819
82656
22691
31444
34526
14634
43018
2287
30117
82945
72001
34442
96305
86959
12384
9761
85483
36336
9336
5452
27437
76073
32905
10988
25783
52811
47360
39487
69941
51424
34626
51123
92309
25135
57737
37178
64840
92110
71875
25257
2997
56107
95108
38285
64086
39546
2354
63017
97147
48557
82736
45780
69239
43745
64892
26831
87152
51346
51662
35893
78470
87282
98988
3572
86685
71404
90232
96704
65863
7710
74411
12788
33631
40112
52038
89842
34777
40007
79972
49885
40227
86512
11400
13560
31639
47311
15103
45963
6597
21230
79811
16531
50357
96297
93536
46779
22306
95051
69746
72542
15863
65772
57443
83849
14526
88371
35976
34028
65790
70166
4660
53774
97957
36306
4937
31630
24731
32747
28604
36971
88923
5391
90017
83367
16282
32004
71772
12977
48432
49992
23782
98385
969
6646
52989
69812
99677
30161
54818
45451
97116
70410
25994
42383
86574
41842
96388
75072
46216
35252
24194
45561
40335
57424
39927
34204
90722
99692
9026
25193
9799
40484
20033
53754
55762
30318
78388
45309
89456
56175
59959
29183
51386
52247
50003
55553
5564
90837
37360
63077
28159
94217
52970
62029
60203
80134
5723
32622
64724
91160
13212
73663
68872
64187
39382
98099
22285
23451
36773
71253
33523
74907
72440
18763
47285
15786
99585
66424
34655
41968
54228
22505
71233
98637
32400
32644
2014
57745
94654
54912
57352
15420
6861
60361
12489
75250
35670
19340
96
98799
2761
10010
53283
66286
99096
23069
4093
41129
2104
62201
79689
13502
56428
28766
44344
19847
23503
507
59192
57195
20872
54028
89159
47399
66618
75044
46782
73969
78592
71951
77672
47869
71103
54747
22939
86031
24291
22339
71742
11551
91821
97684
91499
88539
62205
47461
68118
26729
88835
1121
63734
54268
28593
68998
80492
42513
1306
17541
33690
95796
20213
75913
76222
26653
56372
13693
76512
55963
86541
2524
80346
53600
69243
68816
77775
96677
60488
19267
14287
81308
57301
23395
22582
55655
32511
3072
45984
42520
17529
44774
12166
70060
8515
24071
12499
53861
25998
6612
59342
11219
19619
